# End points of segments: 
#   0.00000000 0.11737090 0.32066320 0.55540500 
0.000000 -0.002940
0.001174 -0.107466
0.002347 -0.214766
0.003521 -0.321872
0.004695 -0.428668
0.005868 -0.535046
0.007042 -0.640900
0.008216 -0.746125
0.009390 -0.850611
0.010563 -0.954251
0.011737 -1.056935
0.012911 -1.158552
0.014084 -1.258990
0.015258 -1.358134
0.016432 -1.455868
0.017606 -1.552072
0.018779 -1.646627
0.019953 -1.739409
0.021127 -1.830290
0.022301 -1.919140
0.023474 -2.005826
0.024648 -2.090209
0.025822 -2.172146
0.026995 -2.251491
0.028169 -2.328089
0.029343 -2.401782
0.030516 -2.472402
0.031690 -2.539776
0.032864 -2.603722
0.034038 -2.664046
0.035211 -2.720546
0.036385 -2.773007
0.037559 -2.821200
0.038732 -2.864879
0.039906 -2.903783
0.041080 -2.937629
0.042253 -2.966110
0.043427 -2.988891
0.044601 -3.005608
0.045775 -3.015855
0.046948 -3.019183
0.048122 -3.015091
0.049296 -3.003009
0.050470 -2.982288
0.051643 -2.952179
0.052817 -2.911806
0.053991 -2.860129
0.055164 -2.795894
0.056338 -2.717555
0.057512 -2.623157
0.058685 -2.510162
0.059859 -2.375137
0.061033 -2.213205
0.062207 -2.016958
0.063380 -1.773969
0.064554 -1.459771
0.065728 -1.008020
0.066901 0.448858
0.068075 1.235227
0.069249 1.720712
0.070422 2.123843
0.071596 2.485849
0.072770 2.823322
0.073944 3.144828
0.075117 3.455426
0.076291 3.758376
0.077465 4.055907
0.078639 4.349613
0.079812 4.640673
0.080986 4.929981
0.082160 5.218235
0.083333 5.505981
0.084507 5.793661
0.085681 6.081630
0.086855 6.370179
0.088028 6.659549
0.089202 6.949940
0.090376 7.241516
0.091549 7.534418
0.092723 7.828761
0.093897 8.124642
0.095070 8.422143
0.096244 8.721331
0.097418 9.022263
0.098591 9.324984
0.099765 9.629532
0.100939 9.935936
0.102113 10.244220
0.103286 10.554399
0.104460 10.866486
0.105634 11.180488
0.106807 11.496407
0.107981 11.814242
0.109155 12.133987
0.110329 12.455635
0.111502 12.779174
0.112676 13.104590
0.113850 13.431867
0.115024 13.760986
0.116197 14.091926
0.117371 14.424663

0.117371 14.424663
0.119404 14.429913
0.121437 14.445660
0.123470 14.471898
0.125503 14.508613
0.127535 14.555787
0.129568 14.613396
0.131601 14.681413
0.133634 14.759804
0.135667 14.848532
0.137700 14.947552
0.139733 15.056818
0.141766 15.176277
0.143799 15.305871
0.145832 15.445540
0.147865 15.595215
0.149898 15.754827
0.151931 15.924301
0.153964 16.103556
0.155996 16.292509
0.158029 16.491072
0.160062 16.699152
0.162095 16.916652
0.164128 17.143471
0.166161 17.379504
0.168194 17.624641
0.170227 17.878769
0.172260 18.141767
0.174293 18.413514
0.176326 18.693882
0.178359 18.982738
0.180392 19.279946
0.182424 19.585364
0.184457 19.898845
0.186490 20.220236
0.188523 20.549382
0.190556 20.886118
0.192589 21.230278
0.194622 21.581686
0.196655 21.940164
0.198688 22.305524
0.200721 22.677573
0.202754 23.056114
0.204787 23.440939
0.206819 23.831836
0.208852 24.228582
0.210885 24.630951
0.212918 25.038704
0.214951 25.451597
0.216984 25.869376
0.219017 26.291778
0.221050 26.718529
0.223083 27.149347
0.225116 27.583939
0.227149 28.022001
0.229182 28.463216
0.231215 28.907257
0.233247 29.353784
0.235281 29.802444
0.237313 30.252869
0.239346 30.704677
0.241379 31.157474
0.243412 31.610845
0.245445 32.064364
0.247478 32.517584
0.249511 32.970043
0.251544 33.421259
0.253577 33.870732
0.255610 34.317940
0.257643 34.762344
0.259676 35.203382
0.261709 35.640470
0.263741 36.073004
0.265774 36.500358
0.267807 36.921881
0.269840 37.336901
0.271873 37.744727
0.273906 38.144641
0.275939 38.535909
0.277972 38.917775
0.280005 39.289464
0.282038 39.650187
0.284071 39.999139
0.286104 40.335506
0.288137 40.658463
0.290169 40.967185
0.292202 41.260845
0.294235 41.538624
0.296268 41.799715
0.298301 42.043327
0.300334 42.268695
0.302367 42.475087
0.304400 42.661809
0.306433 42.828215
0.308466 42.973711
0.310499 43.097769
0.312532 43.199925
0.314565 43.279793
0.316597 43.337065
0.318630 43.371518
0.320663 43.383017

0.320663 43.383017
0.323011 43.360030
0.325358 43.291226
0.327705 43.177075
0.330053 43.018343
0.332400 42.816071
0.334748 42.571550
0.337095 42.286282
0.339443 41.961952
0.341790 41.600382
0.344137 41.203501
0.346485 40.773307
0.348832 40.311836
0.351180 39.821136
0.353527 39.303239
0.355874 38.760147
0.358222 38.193809
0.360569 37.606114
0.362917 36.998881
0.365264 36.373852
0.367612 35.732688
0.369959 35.076971
0.372306 34.408197
0.374654 33.727785
0.377001 33.037073
0.379349 32.337325
0.381696 31.629731
0.384043 30.915412
0.386391 30.195425
0.388738 29.470764
0.391086 28.742366
0.393433 28.011111
0.395781 27.277832
0.398128 26.543312
0.400475 25.808288
0.402823 25.073459
0.405170 24.339481
0.407518 23.606975
0.409865 22.876526
0.412212 22.148689
0.414560 21.423986
0.416907 20.702909
0.419255 19.985924
0.421602 19.273468
0.423950 18.565954
0.426297 17.863767
0.428644 17.167268
0.430992 16.476793
0.433339 15.792653
0.435687 15.115131
0.438034 14.444486
0.440382 13.780944
0.442729 13.124704
0.445076 12.475929
0.447424 11.834744
0.449771 11.201229
0.452119 10.575413
0.454466 9.957266
0.456813 9.346678
0.459161 8.743448
0.461508 8.147253
0.463856 7.557611
0.466203 6.973826
0.468551 6.394901
0.470898 5.819410
0.473245 5.245272
0.475593 4.669375
0.477940 4.086852
0.480288 3.489576
0.482635 2.862508
0.484982 2.172460
0.487330 1.311932
0.489677 -0.913115
0.492025 -1.725473
0.494372 -2.177326
0.496720 -2.480952
0.499067 -2.692695
0.501414 -2.838432
0.503762 -2.932938
0.506109 -2.985764
0.508457 -3.003616
0.510804 -2.991485
0.513151 -2.953257
0.515499 -2.892065
0.517846 -2.810509
0.520194 -2.710796
0.522541 -2.594841
0.524889 -2.464333
0.527236 -2.320783
0.529583 -2.165563
0.531931 -1.999931
0.534278 -1.825055
0.536626 -1.642028
0.538973 -1.451883
0.541320 -1.255604
0.543668 -1.054133
0.546015 -0.848382
0.548363 -0.639236
0.550710 -0.427562
0.553058 -0.214215
0.555405 -0.002940


0.000000 -0.000004
0.001174 0.913203
0.002347 1.826376
0.003521 2.739489
0.004695 3.652512
0.005868 4.565416
0.007042 5.478169
0.008216 6.390742
0.009390 7.303106
0.010563 8.215229
0.011737 9.127083
0.012911 10.038638
0.014084 10.949863
0.015258 11.860728
0.016432 12.771205
0.017606 13.681262
0.018779 14.590871
0.019953 15.500001
0.021127 16.408623
0.022301 17.316708
0.023474 18.224225
0.024648 19.131145
0.025822 20.037438
0.026995 20.943075
0.028169 21.848027
0.029343 22.752264
0.030516 23.655757
0.031690 24.558476
0.032864 25.460393
0.034038 26.361478
0.035211 27.261702
0.036385 28.161035
0.037559 29.059450
0.038732 29.956917
0.039906 30.853407
0.041080 31.748892
0.042253 32.643342
0.043427 33.536730
0.044601 34.429026
0.045775 35.320203
0.046948 36.210231
0.048122 37.099083
0.049296 37.986730
0.050470 38.873144
0.051643 39.758298
0.052817 40.642163
0.053991 41.524711
0.055164 42.405915
0.056338 43.285746
0.057512 44.164179
0.058685 45.041184
0.059859 45.916735
0.061033 46.790805
0.062207 47.663366
0.063380 48.534391
0.064554 49.403854
0.065728 50.271727
0.066901 51.137985
0.068075 52.002600
0.069249 52.865546
0.070422 53.726797
0.071596 54.586326
0.072770 55.444108
0.073944 56.300117
0.075117 57.154327
0.076291 58.006711
0.077465 58.857246
0.078639 59.705904
0.079812 60.552662
0.080986 61.397494
0.082160 62.240375
0.083333 63.081280
0.084507 63.920184
0.085681 64.757063
0.086855 65.591893
0.088028 66.424650
0.089202 67.255308
0.090376 68.083845
0.091549 68.910237
0.092723 69.734459
0.093897 70.556489
0.095070 71.376304
0.096244 72.193879
0.097418 73.009193
0.098591 73.822222
0.099765 74.632944
0.100939 75.441336
0.102113 76.247377
0.103286 77.051043
0.104460 77.852313
0.105634 78.651165
0.106807 79.447579
0.107981 80.241531
0.109155 81.033001
0.110329 81.821969
0.111502 82.608413
0.112676 83.392312
0.113850 84.173646
0.115024 84.952395
0.116197 85.728538
0.117371 86.502056

0.117371 14.424663
0.119404 14.429913
0.121437 14.445660
0.123470 14.471898
0.125503 14.508613
0.127535 14.555787
0.129568 14.613396
0.131601 14.681413
0.133634 14.759804
0.135667 14.848532
0.137700 14.947552
0.139733 15.056818
0.141766 15.176277
0.143799 15.305871
0.145832 15.445540
0.147865 15.595215
0.149898 15.754827
0.151931 15.924301
0.153964 16.103556
0.155996 16.292509
0.158029 16.491072
0.160062 16.699152
0.162095 16.916652
0.164128 17.143471
0.166161 17.379504
0.168194 17.624641
0.170227 17.878769
0.172260 18.141767
0.174293 18.413514
0.176326 18.693882
0.178359 18.982738
0.180392 19.279946
0.182424 19.585364
0.184457 19.898845
0.186490 20.220236
0.188523 20.549382
0.190556 20.886118
0.192589 21.230278
0.194622 21.581686
0.196655 21.940164
0.198688 22.305524
0.200721 22.677573
0.202754 23.056114
0.204787 23.440939
0.206819 23.831836
0.208852 24.228582
0.210885 24.630951
0.212918 25.038704
0.214951 25.451597
0.216984 25.869376
0.219017 26.291778
0.221050 26.718529
0.223083 27.149347
0.225116 27.583939
0.227149 28.022001
0.229182 28.463216
0.231215 28.907257
0.233247 29.353784
0.235281 29.802444
0.237313 30.252869
0.239346 30.704677
0.241379 31.157474
0.243412 31.610845
0.245445 32.064364
0.247478 32.517584
0.249511 32.970043
0.251544 33.421259
0.253577 33.870732
0.255610 34.317940
0.257643 34.762344
0.259676 35.203382
0.261709 35.640470
0.263741 36.073004
0.265774 36.500358
0.267807 36.921881
0.269840 37.336901
0.271873 37.744727
0.273906 38.144641
0.275939 38.535909
0.277972 38.917775
0.280005 39.289464
0.282038 39.650187
0.284071 39.999139
0.286104 40.335506
0.288137 40.658463
0.290169 40.967185
0.292202 41.260845
0.294235 41.538624
0.296268 41.799715
0.298301 42.043327
0.300334 42.268695
0.302367 42.475087
0.304400 42.661809
0.306433 42.828215
0.308466 42.973711
0.310499 43.097769
0.312532 43.199925
0.314565 43.279793
0.316597 43.337065
0.318630 43.371518
0.320663 43.383017

0.320663 43.383017
0.323011 43.383011
0.325358 43.382993
0.327705 43.382962
0.330053 43.382920
0.332400 43.382865
0.334748 43.382798
0.337095 43.382720
0.339443 43.382629
0.341790 43.382526
0.344137 43.382412
0.346485 43.382287
0.348832 43.382149
0.351180 43.382001
0.353527 43.381841
0.355874 43.381671
0.358222 43.381489
0.360569 43.381297
0.362917 43.381094
0.365264 43.380881
0.367612 43.380658
0.369959 43.380425
0.372306 43.380183
0.374654 43.379931
0.377001 43.379670
0.379349 43.379400
0.381696 43.379122
0.384043 43.378835
0.386391 43.378540
0.388738 43.378238
0.391086 43.377928
0.393433 43.377611
0.395781 43.377287
0.398128 43.376957
0.400475 43.376620
0.402823 43.376278
0.405170 43.375930
0.407518 43.375577
0.409865 43.375219
0.412212 43.374857
0.414560 43.374490
0.416907 43.374120
0.419255 43.373747
0.421602 43.373370
0.423950 43.372991
0.426297 43.372610
0.428644 43.372226
0.430992 43.371841
0.433339 43.371455
0.435687 43.371069
0.438034 43.370681
0.440382 43.370294
0.442729 43.369908
0.445076 43.369522
0.447424 43.369137
0.449771 43.368753
0.452119 43.368372
0.454466 43.367993
0.456813 43.367616
0.459161 43.367243
0.461508 43.366873
0.463856 43.366506
0.466203 43.366144
0.468551 43.365786
0.470898 43.365433
0.473245 43.365085
0.475593 43.364743
0.477940 43.364406
0.480288 43.364076
0.482635 43.363752
0.484982 43.363435
0.487330 43.363125
0.489677 43.362822
0.492025 43.362528
0.494372 43.362241
0.496720 43.361962
0.499067 43.361693
0.501414 43.361432
0.503762 43.361180
0.506109 43.360937
0.508457 43.360704
0.510804 43.360481
0.513151 43.360268
0.515499 43.360066
0.517846 43.359874
0.520194 43.359692
0.522541 43.359521
0.524889 43.359362
0.527236 43.359213
0.529583 43.359076
0.531931 43.358950
0.534278 43.358836
0.536626 43.358734
0.538973 43.358643
0.541320 43.358564
0.543668 43.358497
0.546015 43.358443
0.548363 43.358400
0.550710 43.358370
0.553058 43.358351
0.555405 43.358345


0.000000 0.007654
0.001174 0.611054
0.002347 1.222010
0.003521 1.832929
0.004695 2.443775
0.005868 3.054517
0.007042 3.665130
0.008216 4.275586
0.009390 4.885860
0.010563 5.495925
0.011737 6.105755
0.012911 6.715323
0.014084 7.324605
0.015258 7.933572
0.016432 8.542200
0.017606 9.150461
0.018779 9.758330
0.019953 10.365781
0.021127 10.972786
0.022301 11.579320
0.023474 12.185356
0.024648 12.790869
0.025822 13.395831
0.026995 14.000216
0.028169 14.603998
0.029343 15.207150
0.030516 15.809646
0.031690 16.411459
0.032864 17.012562
0.034038 17.612929
0.035211 18.212534
0.036385 18.811349
0.037559 19.409348
0.038732 20.006504
0.039906 20.602791
0.041080 21.198180
0.042253 21.792646
0.043427 22.386161
0.044601 22.978699
0.045775 23.570231
0.046948 24.160732
0.048122 24.750174
0.049296 25.338529
0.050470 25.925770
0.051643 26.511871
0.052817 27.096802
0.053991 27.680538
0.055164 28.263050
0.056338 28.844310
0.057512 29.424291
0.058685 30.002965
0.059859 30.580304
0.061033 31.156281
0.062207 31.730866
0.063380 32.304032
0.064554 32.875751
0.065728 33.445994
0.066901 34.014733
0.068075 34.581939
0.069249 35.147585
0.070422 35.711640
0.071596 36.274076
0.072770 36.834865
0.073944 37.393977
0.075117 37.951383
0.076291 38.507055
0.077465 39.060961
0.078639 39.613074
0.079812 40.163364
0.080986 40.711800
0.082160 41.258353
0.083333 41.802993
0.084507 42.345690
0.085681 42.886414
0.086855 43.425134
0.088028 43.961820
0.089202 44.496441
0.090376 45.028967
0.091549 45.559366
0.092723 46.087607
0.093897 46.613660
0.095070 47.137493
0.096244 47.659074
0.097418 48.178371
0.098591 48.695354
0.099765 49.209989
0.100939 49.722245
0.102113 50.232089
0.103286 50.739489
0.104460 51.244412
0.105634 51.746825
0.106807 52.246695
0.107981 52.743989
0.109155 53.238674
0.110329 53.730715
0.111502 54.220080
0.112676 54.706734
0.113850 55.190643
0.115024 55.671773
0.116197 56.150088
0.117371 56.625556

0.117371 56.625556
0.119404 56.643618
0.121437 56.697732
0.123470 56.787676
0.125503 56.913081
0.127535 57.073436
0.129568 57.268090
0.131601 57.496253
0.133634 57.757005
0.135667 58.049298
0.137700 58.371964
0.139733 58.723719
0.141766 59.103169
0.143799 59.508816
0.145832 59.939068
0.147865 60.392237
0.149898 60.866554
0.151931 61.360169
0.153964 61.871159
0.155996 62.397536
0.158029 62.937252
0.160062 63.488210
0.162095 64.048269
0.164128 64.615261
0.166161 65.186997
0.168194 65.761285
0.170227 66.335947
0.172260 66.908837
0.174293 67.477864
0.176326 68.041016
0.178359 68.596383
0.180392 69.142183
0.182424 69.676790
0.184457 70.198753
0.186490 70.706820
0.188523 71.199948
0.190556 71.677320
0.192589 72.138340
0.194622 72.582638
0.196655 73.010055
0.198688 73.420629
0.200721 73.814575
0.202754 74.192263
0.204787 74.554193
0.206819 74.900965
0.208852 75.233261
0.210885 75.551812
0.212918 75.857387
0.214951 76.150763
0.216984 76.432720
0.219017 76.704019
0.221050 76.965396
0.223083 77.217552
0.225116 77.461150
0.227149 77.696807
0.229182 77.925094
0.231215 78.146535
0.233247 78.361605
0.235281 78.570731
0.237313 78.774297
0.239346 78.972638
0.241379 79.166050
0.243412 79.354788
0.245445 79.539066
0.247478 79.719065
0.249511 79.894932
0.251544 80.066781
0.253577 80.234701
0.255610 80.398749
0.257643 80.558962
0.259676 80.715353
0.261709 80.867914
0.263741 81.016619
0.265774 81.161426
0.267807 81.302279
0.269840 81.439107
0.271873 81.571828
0.273906 81.700351
0.275939 81.824577
0.277972 81.944400
0.280005 82.059707
0.282038 82.170384
0.284071 82.276310
0.286104 82.377367
0.288137 82.473433
0.290169 82.564389
0.292202 82.650117
0.294235 82.730500
0.296268 82.805427
0.298301 82.874792
0.300334 82.938492
0.302367 82.996432
0.304400 83.048523
0.306433 83.094685
0.308466 83.134844
0.310499 83.168936
0.312532 83.196906
0.314565 83.218709
0.316597 83.234308
0.318630 83.243678
0.320663 83.246803

0.320663 83.246803
0.323011 83.258680
0.325358 83.294294
0.327705 83.353597
0.330053 83.436510
0.332400 83.542919
0.334748 83.672682
0.337095 83.825623
0.339443 84.001536
0.341790 84.200184
0.344137 84.421298
0.346485 84.664582
0.348832 84.929705
0.351180 85.216312
0.353527 85.524013
0.355874 85.852392
0.358222 86.201001
0.360569 86.569362
0.362917 86.956968
0.365264 87.363278
0.367612 87.787720
0.369959 88.229687
0.372306 88.688536
0.374654 89.163585
0.377001 89.654108
0.379349 90.159333
0.381696 90.678434
0.384043 91.210527
0.386391 91.754660
0.388738 92.309798
0.391086 92.874817
0.393433 93.448482
0.395781 94.029429
0.398128 94.616136
0.400475 95.206893
0.402823 95.799764
0.405170 96.392535
0.407518 96.982655
0.409865 97.567160
0.412212 98.142589
0.414560 98.704881
0.416907 99.249257
0.419255 99.770106
0.421602 100.260882
0.423950 100.714045
0.426297 101.121104
0.428644 101.472829
0.430992 101.759700
0.433339 101.972650
0.435687 102.104045
0.438034 102.148744
0.440382 102.104924
0.442729 101.974395
0.445076 101.762292
0.447424 101.476240
0.449771 101.125304
0.452119 100.719004
0.454466 100.266573
0.456813 99.776505
0.459161 99.256343
0.461508 98.712636
0.463856 98.150998
0.466203 97.576209
0.468551 96.992335
0.470898 96.402836
0.473245 95.810677
0.475593 95.218410
0.477940 94.628249
0.480288 94.042132
0.482635 93.461767
0.484982 92.888676
0.487330 92.324223
0.489677 91.769642
0.492025 91.226058
0.494372 90.694503
0.496720 90.175930
0.499067 89.671223
0.501414 89.181205
0.503762 88.706649
0.506109 88.248279
0.508457 87.806776
0.510804 87.382783
0.513151 86.976906
0.515499 86.589716
0.517846 86.221753
0.520194 85.873523
0.522541 85.545503
0.524889 85.238140
0.527236 84.951850
0.529583 84.687021
0.531931 84.444010
0.534278 84.223143
0.536626 84.024719
0.538973 83.849005
0.541320 83.696238
0.543668 83.566623
0.546015 83.460334
0.548363 83.377517
0.550710 83.318281
0.553058 83.282708
0.555405 83.270845


0.000000 43.358345
0.001174 43.352599
0.002347 43.335372
0.003521 43.306692
0.004695 43.266609
0.005868 43.215191
0.007042 43.152524
0.008216 43.078715
0.009390 42.993884
0.010563 42.898169
0.011737 42.791726
0.012911 42.674723
0.014084 42.547341
0.015258 42.409774
0.016432 42.262228
0.017606 42.104918
0.018779 41.938068
0.019953 41.761910
0.021127 41.576682
0.022301 41.382628
0.023474 41.179996
0.024648 40.969037
0.025822 40.750005
0.026995 40.523156
0.028169 40.288744
0.029343 40.047027
0.030516 39.798257
0.031690 39.542690
0.032864 39.280576
0.034038 39.012164
0.035211 38.737699
0.036385 38.457423
0.037559 38.171574
0.038732 37.880386
0.039906 37.584089
0.041080 37.282908
0.042253 36.977062
0.043427 36.666767
0.044601 36.352234
0.045775 36.033666
0.046948 35.711265
0.048122 35.385224
0.049296 35.055735
0.050470 34.722981
0.051643 34.387141
0.052817 34.048392
0.053991 33.706902
0.055164 33.362836
0.056338 33.016354
0.057512 32.667612
0.058685 32.316762
0.059859 31.963948
0.061033 31.609314
0.062207 31.252998
0.063380 30.895134
0.064554 30.535851
0.065728 30.175276
0.066901 29.813531
0.068075 29.450734
0.069249 29.087002
0.070422 28.722447
0.071596 28.357175
0.072770 27.991294
0.073944 27.624905
0.075117 27.258107
0.076291 26.890998
0.077465 26.523670
0.078639 26.156215
0.079812 25.788721
0.080986 25.421274
0.082160 25.053956
0.083333 24.686850
0.084507 24.320033
0.085681 23.953583
0.086855 23.587573
0.088028 23.222075
0.089202 22.857160
0.090376 22.492896
0.091549 22.129350
0.092723 21.766584
0.093897 21.404662
0.095070 21.043645
0.096244 20.683591
0.097418 20.324558
0.098591 19.966601
0.099765 19.609774
0.100939 19.254129
0.102113 18.899717
0.103286 18.546587
0.104460 18.194786
0.105634 17.844359
0.106807 17.495352
0.107981 17.147807
0.109155 16.801765
0.110329 16.457266
0.111502 16.114346
0.112676 15.773043
0.113850 15.433392
0.115024 15.095424
0.116197 14.759171
0.117371 14.424663

0.117371 56.625556
0.119404 56.643618
0.121437 56.697732
0.123470 56.787676
0.125503 56.913081
0.127535 57.073436
0.129568 57.268090
0.131601 57.496253
0.133634 57.757005
0.135667 58.049298
0.137700 58.371964
0.139733 58.723719
0.141766 59.103169
0.143799 59.508816
0.145832 59.939068
0.147865 60.392237
0.149898 60.866554
0.151931 61.360169
0.153964 61.871159
0.155996 62.397536
0.158029 62.937252
0.160062 63.488210
0.162095 64.048269
0.164128 64.615261
0.166161 65.186997
0.168194 65.761285
0.170227 66.335947
0.172260 66.908837
0.174293 67.477864
0.176326 68.041016
0.178359 68.596383
0.180392 69.142183
0.182424 69.676790
0.184457 70.198753
0.186490 70.706820
0.188523 71.199948
0.190556 71.677320
0.192589 72.138340
0.194622 72.582638
0.196655 73.010055
0.198688 73.420629
0.200721 73.814575
0.202754 74.192263
0.204787 74.554193
0.206819 74.900965
0.208852 75.233261
0.210885 75.551812
0.212918 75.857387
0.214951 76.150763
0.216984 76.432720
0.219017 76.704019
0.221050 76.965396
0.223083 77.217552
0.225116 77.461150
0.227149 77.696807
0.229182 77.925094
0.231215 78.146535
0.233247 78.361605
0.235281 78.570731
0.237313 78.774297
0.239346 78.972638
0.241379 79.166050
0.243412 79.354788
0.245445 79.539066
0.247478 79.719065
0.249511 79.894932
0.251544 80.066781
0.253577 80.234701
0.255610 80.398749
0.257643 80.558962
0.259676 80.715353
0.261709 80.867914
0.263741 81.016619
0.265774 81.161426
0.267807 81.302279
0.269840 81.439107
0.271873 81.571828
0.273906 81.700351
0.275939 81.824577
0.277972 81.944400
0.280005 82.059707
0.282038 82.170384
0.284071 82.276310
0.286104 82.377367
0.288137 82.473433
0.290169 82.564389
0.292202 82.650117
0.294235 82.730500
0.296268 82.805427
0.298301 82.874792
0.300334 82.938492
0.302367 82.996432
0.304400 83.048523
0.306433 83.094685
0.308466 83.134844
0.310499 83.168936
0.312532 83.196906
0.314565 83.218709
0.316597 83.234308
0.318630 83.243678
0.320663 83.246803

0.320663 83.246803
0.323011 83.234611
0.325358 83.198044
0.327705 83.137132
0.330053 83.051926
0.332400 82.942496
0.334748 82.808929
0.337095 82.651334
0.339443 82.469837
0.341790 82.264582
0.344137 82.035731
0.346485 81.783461
0.348832 81.507964
0.351180 81.209450
0.353527 80.888141
0.355874 80.544272
0.358222 80.178090
0.360569 79.789854
0.362917 79.379834
0.365264 78.948308
0.367612 78.495564
0.369959 78.021896
0.372306 77.527606
0.374654 77.013001
0.377001 76.478395
0.379349 75.924105
0.381696 75.350451
0.384043 74.757757
0.386391 74.146348
0.388738 73.516553
0.391086 72.868699
0.393433 72.203116
0.395781 71.520132
0.398128 70.820076
0.400475 70.103275
0.402823 69.370056
0.405170 68.620744
0.407518 67.855661
0.409865 67.075128
0.412212 66.279464
0.414560 65.468984
0.416907 64.644001
0.419255 63.804826
0.421602 62.951766
0.423950 62.085125
0.426297 61.205204
0.428644 60.312302
0.430992 59.406711
0.433339 58.488725
0.435687 57.558631
0.438034 56.616714
0.440382 55.663256
0.442729 54.698536
0.445076 53.722828
0.447424 52.736406
0.449771 51.739539
0.452119 50.732493
0.454466 49.715532
0.456813 48.688917
0.459161 47.652906
0.461508 46.607754
0.463856 45.553713
0.466203 44.491036
0.468551 43.419969
0.470898 42.340758
0.473245 41.253647
0.475593 40.158877
0.477940 39.056687
0.480288 37.947315
0.482635 36.830996
0.484982 35.707963
0.487330 34.578450
0.489677 33.442685
0.492025 32.300897
0.494372 31.153314
0.496720 30.000161
0.499067 28.841664
0.501414 27.678044
0.503762 26.509523
0.506109 25.336323
0.508457 24.158664
0.510804 22.976763
0.513151 21.790838
0.515499 20.601107
0.517846 19.407784
0.520194 18.211086
0.522541 17.011227
0.524889 15.808419
0.527236 14.602878
0.529583 13.394814
0.531931 12.184440
0.534278 10.971968
0.536626 9.757608
0.538973 8.541572
0.541320 7.324069
0.543668 6.105309
0.546015 4.885503
0.548363 3.664861
0.550710 2.443591
0.553058 1.221904
0.555405 -0.000004


0.000000 83.270845
0.001174 83.267794
0.002347 83.258641
0.003521 83.243390
0.004695 83.222042
0.005868 83.194602
0.007042 83.161077
0.008216 83.121472
0.009390 83.075796
0.010563 83.024058
0.011737 82.966268
0.012911 82.902440
0.014084 82.832585
0.015258 82.756717
0.016432 82.674852
0.017606 82.587007
0.018779 82.493198
0.019953 82.393445
0.021127 82.287767
0.022301 82.176185
0.023474 82.058721
0.024648 81.935397
0.025822 81.806237
0.026995 81.671266
0.028169 81.530510
0.029343 81.383996
0.030516 81.231750
0.031690 81.073801
0.032864 80.910178
0.034038 80.740911
0.035211 80.566031
0.036385 80.385568
0.037559 80.199557
0.038732 80.008028
0.039906 79.811016
0.041080 79.608554
0.042253 79.400678
0.043427 79.187423
0.044601 78.968823
0.045775 78.744916
0.046948 78.515739
0.048122 78.281328
0.049296 78.041721
0.050470 77.796957
0.051643 77.547073
0.052817 77.292108
0.053991 77.032102
0.055164 76.767094
0.056338 76.497123
0.057512 76.222229
0.058685 75.942453
0.059859 75.657835
0.061033 75.368414
0.062207 75.074233
0.063380 74.775331
0.064554 74.471749
0.065728 74.163529
0.066901 73.850711
0.068075 73.533337
0.069249 73.211448
0.070422 72.885085
0.071596 72.554289
0.072770 72.219102
0.073944 71.879564
0.075117 71.535718
0.076291 71.187603
0.077465 70.835261
0.078639 70.478733
0.079812 70.118060
0.080986 69.753282
0.082160 69.384442
0.083333 69.011578
0.084507 68.634732
0.085681 68.253943
0.086855 67.869253
0.088028 67.480702
0.089202 67.088328
0.090376 66.692172
0.091549 66.292274
0.092723 65.888673
0.093897 65.481408
0.095070 65.070519
0.096244 64.656044
0.097418 64.238022
0.098591 63.816491
0.099765 63.391491
0.100939 62.963059
0.102113 62.531232
0.103286 62.096050
0.104460 61.657549
0.105634 61.215767
0.106807 60.770741
0.107981 60.322508
0.109155 59.871104
0.110329 59.416567
0.111502 58.958932
0.112676 58.498236
0.113850 58.034515
0.115024 57.567804
0.116197 57.098139
0.117371 56.625556

0.117371 86.502056
0.119404 86.505402
0.121437 86.515460
0.123470 86.532295
0.125503 86.556013
0.127535 86.586766
0.129568 86.624748
0.131601 86.670200
0.133634 86.723407
0.135667 86.784704
0.137700 86.854473
0.139733 86.933147
0.141766 87.021211
0.143799 87.119204
0.145832 87.227720
0.147865 87.347409
0.149898 87.478978
0.151931 87.623194
0.153964 87.780882
0.155996 87.952924
0.158029 88.140257
0.160062 88.343874
0.162095 88.564811
0.164128 88.804150
0.166161 89.062999
0.168194 89.342491
0.170227 89.643760
0.172260 89.967930
0.174293 90.316089
0.176326 90.689273
0.178359 91.088436
0.180392 91.514427
0.182424 91.967965
0.184457 92.449616
0.186490 92.959772
0.188523 93.498636
0.190556 94.066211
0.192589 94.662294
0.194622 95.286484
0.196655 95.938184
0.198688 96.616618
0.200721 97.320853
0.202754 98.049814
0.204787 98.802317
0.206819 99.577087
0.208852 100.372784
0.210885 101.188029
0.212918 102.021418
0.214951 102.871547
0.216984 103.737024
0.219017 104.616481
0.221050 105.508582
0.223083 106.412035
0.225116 107.325596
0.227149 108.248068
0.229182 109.178309
0.231215 110.115228
0.233247 111.057788
0.235281 112.005004
0.237313 112.955940
0.239346 113.909711
0.241379 114.865476
0.243412 115.822439
0.245445 116.779846
0.247478 117.736984
0.249511 118.693174
0.251544 119.647775
0.253577 120.600178
0.255610 121.549803
0.257643 122.496102
0.259676 123.438551
0.261709 124.376655
0.263741 125.309938
0.265774 126.237951
0.267807 127.160263
0.269840 128.076464
0.271873 128.986160
0.273906 129.888978
0.275939 130.784558
0.277972 131.672557
0.280005 132.552646
0.282038 133.424508
0.284071 134.287839
0.286104 135.142348
0.288137 135.987751
0.290169 136.823774
0.292202 137.650151
0.294235 138.466618
0.296268 139.272915
0.298301 140.068778
0.300334 140.853928
0.302367 141.628068
0.304400 142.390850
0.306433 143.141841
0.308466 143.880445
0.310499 144.605723
0.312532 145.315980
0.314565 146.007564
0.316597 146.670556
0.318630 147.266795
0.320663 147.585583

0.320663 89.913442
0.323011 89.913444
0.325358 89.913450
0.327705 89.913460
0.330053 89.913474
0.332400 89.913492
0.334748 89.913515
0.337095 89.913541
0.339443 89.913571
0.341790 89.913605
0.344137 89.913643
0.346485 89.913685
0.348832 89.913730
0.351180 89.913780
0.353527 89.913833
0.355874 89.913890
0.358222 89.913950
0.360569 89.914014
0.362917 89.914082
0.365264 89.914153
0.367612 89.914227
0.369959 89.914305
0.372306 89.914385
0.374654 89.914469
0.377001 89.914556
0.379349 89.914646
0.381696 89.914739
0.384043 89.914834
0.386391 89.914932
0.388738 89.915033
0.391086 89.915137
0.393433 89.915242
0.395781 89.915350
0.398128 89.915460
0.400475 89.915572
0.402823 89.915687
0.405170 89.915803
0.407518 89.915920
0.409865 89.916040
0.412212 89.916160
0.414560 89.916282
0.416907 89.916406
0.419255 89.916530
0.421602 89.916656
0.423950 89.916782
0.426297 89.916910
0.428644 89.917037
0.430992 89.917166
0.433339 89.917295
0.435687 89.917424
0.438034 89.917553
0.440382 89.917682
0.442729 89.917811
0.445076 89.917939
0.447424 89.918068
0.449771 89.918196
0.452119 89.918323
0.454466 89.918449
0.456813 89.918575
0.459161 89.918699
0.461508 89.918823
0.463856 89.918945
0.466203 89.919066
0.468551 89.919185
0.470898 89.919302
0.473245 89.919418
0.475593 89.919532
0.477940 89.919645
0.480288 89.919755
0.482635 89.919863
0.484982 89.919968
0.487330 89.920071
0.489677 89.920172
0.492025 89.920270
0.494372 89.920366
0.496720 89.920458
0.499067 89.920548
0.501414 89.920635
0.503762 89.920719
0.506109 89.920800
0.508457 89.920877
0.510804 89.920951
0.513151 89.921022
0.515499 89.921090
0.517846 89.921154
0.520194 89.921214
0.522541 89.921271
0.524889 89.921324
0.527236 89.921373
0.529583 89.921419
0.531931 89.921461
0.534278 89.921499
0.536626 89.921533
0.538973 89.921563
0.541320 89.921589
0.543668 89.921611
0.546015 89.921629
0.548363 89.921644
0.550710 89.921654
0.553058 89.921660
0.555405 89.921662


0.000000 89.921662
0.001174 89.927397
0.002347 89.944593
0.003521 89.973219
0.004695 90.013228
0.005868 90.064550
0.007042 90.127099
0.008216 90.200770
0.009390 90.285440
0.010563 90.380972
0.011737 90.487211
0.012911 90.603988
0.014084 90.731123
0.015258 90.868419
0.016432 91.015672
0.017606 91.172667
0.018779 91.339179
0.019953 91.514976
0.021127 91.699820
0.022301 91.893467
0.023474 92.095668
0.024648 92.306172
0.025822 92.524725
0.026995 92.751072
0.028169 92.984955
0.029343 93.226120
0.030516 93.474310
0.031690 93.729273
0.032864 93.990756
0.034038 94.258512
0.035211 94.532293
0.036385 94.811857
0.037559 95.096966
0.038732 95.387386
0.039906 95.682887
0.041080 95.983242
0.042253 96.288232
0.043427 96.597640
0.044601 96.911256
0.045775 97.228874
0.046948 97.550294
0.048122 97.875319
0.049296 98.203760
0.050470 98.535431
0.051643 98.870151
0.052817 99.207746
0.053991 99.548044
0.055164 99.890881
0.056338 100.236094
0.057512 100.583528
0.058685 100.933029
0.059859 101.284452
0.061033 101.637652
0.062207 101.992491
0.063380 102.348832
0.064554 102.706546
0.065728 103.065504
0.066901 103.425583
0.068075 103.786662
0.069249 104.148625
0.070422 104.511359
0.071596 104.874753
0.072770 105.238700
0.073944 105.603096
0.075117 105.967840
0.076291 106.332833
0.077465 106.697981
0.078639 107.063189
0.079812 107.428368
0.080986 107.793428
0.082160 108.158285
0.083333 108.522855
0.084507 108.887056
0.085681 109.250810
0.086855 109.614038
0.088028 109.976666
0.089202 110.338620
0.090376 110.699829
0.091549 111.060223
0.092723 111.419733
0.093897 111.778293
0.095070 112.135839
0.096244 112.492306
0.097418 112.847633
0.098591 113.201759
0.099765 113.554624
0.100939 113.906172
0.102113 114.256346
0.103286 114.605090
0.104460 114.952349
0.105634 115.298072
0.106807 115.642206
0.107981 115.984701
0.109155 116.325506
0.110329 116.664573
0.111502 117.001854
0.112676 117.337304
0.113850 117.670875
0.115024 118.002522
0.116197 118.332203
0.117371 118.659874

0.117371 86.502056
0.119404 86.505402
0.121437 86.515460
0.123470 86.532295
0.125503 86.556013
0.127535 86.586766
0.129568 86.624748
0.131601 86.670200
0.133634 86.723407
0.135667 86.784704
0.137700 86.854473
0.139733 86.933147
0.141766 87.021211
0.143799 87.119204
0.145832 87.227720
0.147865 87.347409
0.149898 87.478978
0.151931 87.623194
0.153964 87.780882
0.155996 87.952924
0.158029 88.140257
0.160062 88.343874
0.162095 88.564811
0.164128 88.804150
0.166161 89.062999
0.168194 89.342491
0.170227 89.643760
0.172260 89.967930
0.174293 90.316089
0.176326 90.689273
0.178359 91.088436
0.180392 91.514427
0.182424 91.967965
0.184457 92.449616
0.186490 92.959772
0.188523 93.498636
0.190556 94.066211
0.192589 94.662294
0.194622 95.286484
0.196655 95.938184
0.198688 96.616618
0.200721 97.320853
0.202754 98.049814
0.204787 98.802317
0.206819 99.577087
0.208852 100.372784
0.210885 101.188029
0.212918 102.021418
0.214951 102.871547
0.216984 103.737024
0.219017 104.616481
0.221050 105.508582
0.223083 106.412035
0.225116 107.325596
0.227149 108.248068
0.229182 109.178309
0.231215 110.115228
0.233247 111.057788
0.235281 112.005004
0.237313 112.955940
0.239346 113.909711
0.241379 114.865476
0.243412 115.822439
0.245445 116.779846
0.247478 117.736984
0.249511 118.693174
0.251544 119.647775
0.253577 120.600178
0.255610 121.549803
0.257643 122.496102
0.259676 123.438551
0.261709 124.376655
0.263741 125.309938
0.265774 126.237951
0.267807 127.160263
0.269840 128.076464
0.271873 128.986160
0.273906 129.888978
0.275939 130.784558
0.277972 131.672557
0.280005 132.552646
0.282038 133.424508
0.284071 134.287839
0.286104 135.142348
0.288137 135.987751
0.290169 136.823774
0.292202 137.650151
0.294235 138.466618
0.296268 139.272915
0.298301 140.068778
0.300334 140.853928
0.302367 141.628068
0.304400 142.390850
0.306433 143.141841
0.308466 143.880445
0.310499 144.605723
0.312532 145.315980
0.314565 146.007564
0.316597 146.670556
0.318630 147.266795
0.320663 147.585583

0.320663 89.913442
0.323011 89.936387
0.325358 90.005064
0.327705 90.119003
0.330053 90.277439
0.332400 90.479329
0.334748 90.723381
0.337095 91.008091
0.339443 91.331775
0.341790 91.692607
0.344137 92.088659
0.346485 92.517929
0.348832 92.978379
0.351180 93.467959
0.353527 93.984633
0.355874 94.526398
0.358222 95.091300
0.360569 95.677447
0.362917 96.283016
0.365264 96.906260
0.367612 97.545513
0.369959 98.199189
0.372306 98.865785
0.374654 99.543876
0.377001 100.232117
0.379349 100.929238
0.381696 101.634039
0.384043 102.345391
0.386391 103.062228
0.388738 103.783545
0.391086 104.508394
0.393433 105.235880
0.395781 105.965160
0.398128 106.695435
0.400475 107.425949
0.402823 108.155989
0.405170 108.884877
0.407518 109.611970
0.409865 110.336659
0.412212 111.058363
0.414560 111.776531
0.416907 112.490636
0.419255 113.200177
0.421602 113.904675
0.423950 114.603672
0.426297 115.296731
0.428644 115.983433
0.430992 116.663375
0.433339 117.336171
0.435687 118.001453
0.438034 118.658865
0.440382 119.308064
0.442729 119.948722
0.445076 120.580522
0.447424 121.203159
0.449771 121.816341
0.452119 122.419783
0.454466 123.013212
0.456813 123.596365
0.459161 124.168989
0.461508 124.730837
0.463856 125.281673
0.466203 125.821269
0.468551 126.349404
0.470898 126.865865
0.473245 127.370448
0.475593 127.862954
0.477940 128.343193
0.480288 128.810980
0.482635 129.266137
0.484982 129.708495
0.487330 130.137889
0.489677 130.554161
0.492025 130.957159
0.494372 131.346736
0.496720 131.722754
0.499067 132.085078
0.501414 132.433579
0.503762 132.768136
0.506109 133.088631
0.508457 133.394952
0.510804 133.686995
0.513151 133.964658
0.515499 134.227846
0.517846 134.476470
0.520194 134.710446
0.522541 134.929694
0.524889 135.134140
0.527236 135.323717
0.529583 135.498359
0.531931 135.658010
0.534278 135.802616
0.536626 135.932129
0.538973 136.046506
0.541320 136.145708
0.543668 136.229705
0.546015 136.298467
0.548363 136.351972
0.550710 136.390202
0.553058 136.413146
0.555405 136.420794


0.000000 136.420794
0.001174 136.418882
0.002347 136.413146
0.003521 136.403586
0.004695 136.390203
0.005868 136.372999
0.007042 136.351974
0.008216 136.327131
0.009390 136.298471
0.010563 136.265997
0.011737 136.229711
0.012911 136.189617
0.014084 136.145717
0.015258 136.098016
0.016432 136.046518
0.017606 135.991226
0.018779 135.932145
0.019953 135.869280
0.021127 135.802636
0.022301 135.732219
0.023474 135.658035
0.024648 135.580090
0.025822 135.498390
0.026995 135.412942
0.028169 135.323753
0.029343 135.230831
0.030516 135.134183
0.031690 135.033818
0.032864 134.929744
0.034038 134.821970
0.035211 134.710504
0.036385 134.595356
0.037559 134.476537
0.038732 134.354055
0.039906 134.227922
0.041080 134.098147
0.042253 133.964743
0.043427 133.827720
0.044601 133.687090
0.045775 133.542866
0.046948 133.395059
0.048122 133.243683
0.049296 133.088750
0.050470 132.930273
0.051643 132.768268
0.052817 132.602747
0.053991 132.433725
0.055164 132.261217
0.056338 132.085238
0.057512 131.905803
0.058685 131.722929
0.059859 131.536632
0.061033 131.346928
0.062207 131.153834
0.063380 130.957368
0.064554 130.757547
0.065728 130.554389
0.066901 130.347912
0.068075 130.138136
0.069249 129.925080
0.070422 129.708763
0.071596 129.489205
0.072770 129.266426
0.073944 129.040448
0.075117 128.811292
0.076291 128.578978
0.077465 128.343529
0.078639 128.104967
0.079812 127.863316
0.080986 127.618598
0.082160 127.370837
0.083333 127.120057
0.084507 126.866282
0.085681 126.609538
0.086855 126.349850
0.088028 126.087245
0.089202 125.821747
0.090376 125.553384
0.091549 125.282184
0.092723 125.008174
0.093897 124.731383
0.095070 124.451839
0.096244 124.169571
0.097418 123.884611
0.098591 123.596987
0.099765 123.306730
0.100939 123.013874
0.102113 122.718448
0.103286 122.420487
0.104460 122.120023
0.105634 121.817090
0.106807 121.511722
0.107981 121.203955
0.109155 120.893825
0.110329 120.581367
0.111502 120.266619
0.112676 119.949619
0.113850 119.630404
0.115024 119.309015
0.116197 118.985492
0.117371 118.659874

0.117371 118.659874
0.119404 118.654742
0.121437 118.639350
0.123470 118.613704
0.125503 118.577812
0.127535 118.531691
0.129568 118.475358
0.131601 118.408834
0.133634 118.332148
0.135667 118.245329
0.137700 118.148411
0.139733 118.041434
0.141766 117.924441
0.143799 117.797478
0.145832 117.660598
0.147865 117.513854
0.149898 117.357308
0.151931 117.191023
0.153964 117.015068
0.155996 116.829515
0.158029 116.634443
0.160062 116.429931
0.162095 116.216067
0.164128 115.992942
0.166161 115.760650
0.168194 115.519292
0.170227 115.268973
0.172260 115.009802
0.174293 114.741895
0.176326 114.465370
0.178359 114.180353
0.180392 113.886974
0.182424 113.585368
0.184457 113.275677
0.186490 112.958045
0.188523 112.632626
0.190556 112.299577
0.192589 111.959063
0.194622 111.611253
0.196655 111.256325
0.198688 110.894461
0.200721 110.525851
0.202754 110.150692
0.204787 109.769188
0.206819 109.381550
0.208852 108.987999
0.210885 108.588760
0.212918 108.184071
0.214951 107.774174
0.216984 107.359324
0.219017 106.939783
0.221050 106.515824
0.223083 106.087729
0.225116 105.655791
0.227149 105.220314
0.229182 104.781615
0.231215 104.340022
0.233247 103.895875
0.235281 103.449528
0.237313 103.001348
0.239346 102.551717
0.241379 102.101033
0.243412 101.649708
0.245445 101.198171
0.247478 100.746868
0.249511 100.296263
0.251544 99.846839
0.253577 99.399096
0.255610 98.953556
0.257643 98.510760
0.259676 98.071271
0.261709 97.635672
0.263741 97.204568
0.265774 96.778589
0.267807 96.358383
0.269840 95.944623
0.271873 95.538003
0.273906 95.139240
0.275939 94.749069
0.277972 94.368247
0.280005 93.997548
0.282038 93.637764
0.284071 93.289698
0.286104 92.954168
0.288137 92.631996
0.290169 92.324010
0.292202 92.031035
0.294235 91.753892
0.296268 91.493389
0.298301 91.250317
0.300334 91.025440
0.302367 90.819491
0.304400 90.633165
0.306433 90.467109
0.308466 90.321914
0.310499 90.198111
0.312532 90.096164
0.314565 90.016458
0.316597 89.959302
0.318630 89.924918
0.320663 89.913442

0.320663 147.585583
0.323011 147.084060
0.325358 146.244864
0.327705 145.344261
0.330053 144.416160
0.332400 143.468478
0.334748 142.503969
0.337095 141.523834
0.339443 140.528678
0.341790 139.518841
0.344137 138.494532
0.346485 137.455889
0.348832 136.403008
0.351180 135.335966
0.353527 134.254824
0.355874 133.159634
0.358222 132.050448
0.360569 130.927314
0.362917 129.790278
0.365264 128.639392
0.367612 127.474704
0.369959 126.296269
0.372306 125.104142
0.374654 123.898381
0.377001 122.679047
0.379349 121.446207
0.381696 120.199928
0.384043 118.940283
0.386391 117.667345
0.388738 116.381194
0.391086 115.081913
0.393433 113.769588
0.395781 112.444308
0.398128 111.106167
0.400475 109.755262
0.402823 108.391693
0.405170 107.015565
0.407518 105.626985
0.409865 104.226066
0.412212 102.812921
0.414560 101.387670
0.416907 99.950435
0.419255 98.501341
0.421602 97.040518
0.423950 95.568097
0.426297 94.084214
0.428644 92.589010
0.430992 91.082625
0.433339 89.565207
0.435687 88.036903
0.438034 86.497867
0.440382 84.948253
0.442729 83.388220
0.445076 81.817929
0.447424 80.237546
0.449771 78.647237
0.452119 77.047173
0.454466 75.437527
0.456813 73.818475
0.459161 72.190196
0.461508 70.552873
0.463856 68.906688
0.466203 67.251829
0.468551 65.588486
0.470898 63.916849
0.473245 62.237115
0.475593 60.549478
0.477940 58.854139
0.480288 57.151299
0.482635 55.441161
0.484982 53.723932
0.487330 51.999818
0.489677 50.269030
0.492025 48.531779
0.494372 46.788280
0.496720 45.038747
0.499067 43.283398
0.501414 41.522452
0.503762 39.756131
0.506109 37.984655
0.508457 36.208249
0.510804 34.427138
0.513151 32.641549
0.515499 30.851709
0.517846 29.057848
0.520194 27.260196
0.522541 25.458985
0.524889 23.654447
0.527236 21.846816
0.529583 20.036326
0.531931 18.223213
0.534278 16.407712
0.536626 14.590060
0.538973 12.770495
0.541320 10.949254
0.543668 9.126576
0.546015 7.302701
0.548363 5.477867
0.550710 3.652314
0.553058 1.826286
0.555405 0.007654


0.000000 147.517954
0.001174 147.374587
0.002347 147.049315
0.003521 146.653496
0.004695 146.227769
0.005868 145.786208
0.007042 145.334534
0.008216 144.875438
0.009390 144.410339
0.010563 143.940047
0.011737 143.465060
0.012911 142.985697
0.014084 142.502174
0.015258 142.014641
0.016432 141.523207
0.017606 141.027951
0.018779 140.528932
0.019953 140.026198
0.021127 139.519784
0.022301 139.009719
0.023474 138.496026
0.024648 137.978726
0.025822 137.457834
0.026995 136.933364
0.028169 136.405329
0.029343 135.873738
0.030516 135.338603
0.031690 134.799931
0.032864 134.257730
0.034038 133.712008
0.035211 133.162772
0.036385 132.610030
0.037559 132.053787
0.038732 131.494051
0.039906 130.930827
0.041080 130.364123
0.042253 129.793945
0.043427 129.220299
0.044601 128.643192
0.045775 128.062631
0.046948 127.478623
0.048122 126.891174
0.049296 126.300291
0.050470 125.705982
0.051643 125.108255
0.052817 124.507116
0.053991 123.902574
0.055164 123.294636
0.056338 122.683311
0.057512 122.068606
0.058685 121.450531
0.059859 120.829095
0.061033 120.204305
0.062207 119.576172
0.063380 118.944705
0.064554 118.309912
0.065728 117.671805
0.066901 117.030393
0.068075 116.385687
0.069249 115.737696
0.070422 115.086432
0.071596 114.431905
0.072770 113.774127
0.073944 113.113109
0.075117 112.448863
0.076291 111.781400
0.077465 111.110732
0.078639 110.436872
0.079812 109.759833
0.080986 109.079626
0.082160 108.396266
0.083333 107.709764
0.084507 107.020135
0.085681 106.327392
0.086855 105.631549
0.088028 104.932620
0.089202 104.230620
0.090376 103.525562
0.091549 102.817461
0.092723 102.106334
0.093897 101.392194
0.095070 100.675057
0.096244 99.954938
0.097418 99.231854
0.098591 98.505821
0.099765 97.776854
0.100939 97.044970
0.102113 96.310187
0.103286 95.572520
0.104460 94.831987
0.105634 94.088605
0.106807 93.342392
0.107981 92.593366
0.109155 91.841543
0.110329 91.086943
0.111502 90.329584
0.112676 89.569484
0.113850 88.806663
0.115024 88.041138
0.116197 87.272929
0.117371 86.502056

0.117371 118.659874
0.119404 118.654742
0.121437 118.639350
0.123470 118.613704
0.125503 118.577812
0.127535 118.531691
0.129568 118.475358
0.131601 118.408834
0.133634 118.332148
0.135667 118.245329
0.137700 118.148411
0.139733 118.041434
0.141766 117.924441
0.143799 117.797478
0.145832 117.660598
0.147865 117.513854
0.149898 117.357308
0.151931 117.191023
0.153964 117.015068
0.155996 116.829515
0.158029 116.634443
0.160062 116.429931
0.162095 116.216067
0.164128 115.992942
0.166161 115.760650
0.168194 115.519292
0.170227 115.268973
0.172260 115.009802
0.174293 114.741895
0.176326 114.465370
0.178359 114.180353
0.180392 113.886974
0.182424 113.585368
0.184457 113.275677
0.186490 112.958045
0.188523 112.632626
0.190556 112.299577
0.192589 111.959063
0.194622 111.611253
0.196655 111.256325
0.198688 110.894461
0.200721 110.525851
0.202754 110.150692
0.204787 109.769188
0.206819 109.381550
0.208852 108.987999
0.210885 108.588760
0.212918 108.184071
0.214951 107.774174
0.216984 107.359324
0.219017 106.939783
0.221050 106.515824
0.223083 106.087729
0.225116 105.655791
0.227149 105.220314
0.229182 104.781615
0.231215 104.340022
0.233247 103.895875
0.235281 103.449528
0.237313 103.001348
0.239346 102.551717
0.241379 102.101033
0.243412 101.649708
0.245445 101.198171
0.247478 100.746868
0.249511 100.296263
0.251544 99.846839
0.253577 99.399096
0.255610 98.953556
0.257643 98.510760
0.259676 98.071271
0.261709 97.635672
0.263741 97.204568
0.265774 96.778589
0.267807 96.358383
0.269840 95.944623
0.271873 95.538003
0.273906 95.139240
0.275939 94.749069
0.277972 94.368247
0.280005 93.997548
0.282038 93.637764
0.284071 93.289698
0.286104 92.954168
0.288137 92.631996
0.290169 92.324010
0.292202 92.031035
0.294235 91.753892
0.296268 91.493389
0.298301 91.250317
0.300334 91.025440
0.302367 90.819491
0.304400 90.633165
0.306433 90.467109
0.308466 90.321914
0.310499 90.198111
0.312532 90.096164
0.314565 90.016458
0.316597 89.959302
0.318630 89.924918
0.320663 89.913442

0.320663 147.585583
0.323011 147.422009
0.325358 147.059367
0.327705 146.618003
0.330053 146.135935
0.332400 145.625609
0.334748 145.092183
0.337095 144.538316
0.339443 143.965663
0.341790 143.375428
0.344137 142.768595
0.346485 142.146035
0.348832 141.508560
0.351180 140.856949
0.353527 140.191966
0.355874 139.514363
0.358222 138.824892
0.360569 138.124304
0.362917 137.413353
0.365264 136.692798
0.367612 135.963407
0.369959 135.225959
0.372306 134.481246
0.374654 133.730081
0.377001 132.973297
0.379349 132.211760
0.381696 131.446370
0.384043 130.678072
0.386391 129.907867
0.388738 129.136821
0.391086 128.366083
0.393433 127.596901
0.395781 126.830646
0.398128 126.068838
0.400475 125.313177
0.402823 124.565587
0.405170 123.828265
0.407518 123.103744
0.409865 122.394962
0.412212 121.705357
0.414560 121.038967
0.416907 120.400545
0.419255 119.795678
0.421602 119.230891
0.423950 118.713700
0.426297 118.252577
0.428644 117.856736
0.430992 117.535681
0.433339 117.298471
0.435687 117.152726
0.438034 117.103586
0.440382 117.152870
0.442729 117.298769
0.445076 117.536154
0.447424 117.857407
0.449771 118.253473
0.452119 118.714846
0.454466 119.232309
0.456813 119.797387
0.459161 120.402558
0.461508 121.041293
0.463856 121.708002
0.466203 122.397927
0.468551 123.107029
0.470898 123.831867
0.473245 124.569498
0.475593 125.317389
0.477940 126.073341
0.480288 126.835428
0.482635 127.601947
0.484982 128.371376
0.487330 129.142344
0.489677 129.913599
0.492025 130.683992
0.494372 131.452452
0.496720 132.217977
0.499067 132.979619
0.501414 133.736473
0.503762 134.487673
0.506109 135.232380
0.508457 135.969775
0.510804 136.699062
0.513151 137.419456
0.515499 138.130181
0.517846 138.830469
0.520194 139.519556
0.522541 140.196678
0.524889 140.861067
0.527236 141.511951
0.529583 142.148539
0.531931 142.770016
0.534278 143.375522
0.536626 143.964113
0.538973 144.534700
0.541320 145.085909
0.543668 145.615798
0.546015 146.121190
0.548363 146.595926
0.550710 147.025558
0.553058 147.369394
0.555405 147.517954


0.000000 148.785954
0.001174 148.925853
0.002347 149.240723
0.003521 149.619205
0.004695 150.020663
0.005868 150.431023
0.007042 150.844567
0.008216 151.258605
0.009390 151.671723
0.010563 152.083114
0.011737 152.492285
0.012911 152.898919
0.014084 153.302806
0.015258 153.703801
0.016432 154.101801
0.017606 154.496735
0.018779 154.888548
0.019953 155.277202
0.021127 155.662667
0.022301 156.044924
0.023474 156.423957
0.024648 156.799756
0.025822 157.172314
0.026995 157.541627
0.028169 157.907693
0.029343 158.270513
0.030516 158.630087
0.031690 158.986420
0.032864 159.339516
0.034038 159.689379
0.035211 160.036015
0.036385 160.379431
0.037559 160.719634
0.038732 161.056632
0.039906 161.390434
0.041080 161.721048
0.042253 162.048482
0.043427 162.372748
0.044601 162.693855
0.045775 163.011812
0.046948 163.326632
0.048122 163.638323
0.049296 163.946899
0.050470 164.252369
0.051643 164.554747
0.052817 164.854043
0.053991 165.150270
0.055164 165.443439
0.056338 165.733565
0.057512 166.020659
0.058685 166.304735
0.059859 166.585805
0.061033 166.863883
0.062207 167.138982
0.063380 167.411116
0.064554 167.680299
0.065728 167.946545
0.066901 168.209868
0.068075 168.470282
0.069249 168.727802
0.070422 168.982442
0.071596 169.234217
0.072770 169.483142
0.073944 169.729232
0.075117 169.972502
0.076291 170.212967
0.077465 170.450642
0.078639 170.685544
0.079812 170.917687
0.080986 171.147087
0.082160 171.373760
0.083333 171.597722
0.084507 171.818989
0.085681 172.037577
0.086855 172.253502
0.088028 172.466781
0.089202 172.677429
0.090376 172.885463
0.091549 173.090900
0.092723 173.293755
0.093897 173.494047
0.095070 173.691791
0.096244 173.887004
0.097418 174.079703
0.098591 174.269905
0.099765 174.457627
0.100939 174.642885
0.102113 174.825697
0.103286 175.006080
0.104460 175.184050
0.105634 175.359626
0.106807 175.532823
0.107981 175.703659
0.109155 175.872152
0.110329 176.038318
0.111502 176.202175
0.112676 176.363740
0.113850 176.523031
0.115024 176.680063
0.116197 176.834855
0.117371 176.987424

0.117371 176.987424
0.119404 176.981968
0.121437 176.965700
0.123470 176.938902
0.125503 176.902009
0.127535 176.855562
0.129568 176.800156
0.131601 176.736402
0.133634 176.664891
0.135667 176.586173
0.137700 176.500743
0.139733 176.409040
0.141766 176.311443
0.143799 176.208278
0.145832 176.099823
0.147865 175.986312
0.149898 175.867942
0.151931 175.744879
0.153964 175.617260
0.155996 175.485200
0.158029 175.348797
0.160062 175.208130
0.162095 175.063267
0.164128 174.914263
0.166161 174.761164
0.168194 174.604010
0.170227 174.442833
0.172260 174.277659
0.174293 174.108512
0.176326 173.935409
0.178359 173.758367
0.180392 173.577397
0.182424 173.392511
0.184457 173.203716
0.186490 173.011018
0.188523 172.814423
0.190556 172.613932
0.192589 172.409546
0.194622 172.201264
0.196655 171.989083
0.198688 171.772998
0.200721 171.553001
0.202754 171.329083
0.204787 171.101230
0.206819 170.869427
0.208852 170.633655
0.210885 170.393890
0.212918 170.150105
0.214951 169.902269
0.216984 169.650344
0.219017 169.394288
0.221050 169.134053
0.223083 168.869585
0.225116 168.600822
0.227149 168.327695
0.229182 168.050126
0.231215 167.768032
0.233247 167.481318
0.235281 167.189880
0.237313 166.893606
0.239346 166.592372
0.241379 166.286044
0.243412 165.974480
0.245445 165.657524
0.247478 165.335009
0.249511 165.006761
0.251544 164.672590
0.253577 164.332301
0.255610 163.985685
0.257643 163.632524
0.259676 163.272593
0.261709 162.905657
0.263741 162.531476
0.265774 162.149803
0.267807 161.760385
0.269840 161.362967
0.271873 160.957294
0.273906 160.543107
0.275939 160.120152
0.277972 159.688176
0.280005 159.246933
0.282038 158.796182
0.284071 158.335695
0.286104 157.865250
0.288137 157.384641
0.290169 156.893679
0.292202 156.392190
0.294235 155.880024
0.296268 155.357054
0.298301 154.823186
0.300334 154.278364
0.302367 153.722585
0.304400 153.155918
0.306433 152.578550
0.308466 151.990861
0.310499 151.393599
0.312532 150.788300
0.314565 150.178486
0.316597 149.573974
0.318630 149.012852
0.320663 148.705774

0.320663 148.705774
0.323011 148.850228
0.325358 149.155589
0.327705 149.501760
0.330053 149.851130
0.332400 150.191812
0.334748 150.519351
0.337095 150.831925
0.339443 151.128833
0.341790 151.409932
0.344137 151.675390
0.346485 151.925561
0.348832 152.160921
0.351180 152.382024
0.353527 152.589474
0.355874 152.783906
0.358222 152.965971
0.360569 153.136323
0.362917 153.295606
0.365264 153.444457
0.367612 153.583487
0.369959 153.713287
0.372306 153.834421
0.374654 153.947423
0.377001 154.052797
0.379349 154.151016
0.381696 154.242521
0.384043 154.327726
0.386391 154.407010
0.388738 154.480729
0.391086 154.549206
0.393433 154.612741
0.395781 154.671609
0.398128 154.726061
0.400475 154.776326
0.402823 154.822611
0.405170 154.865106
0.407518 154.903982
0.409865 154.939392
0.412212 154.971476
0.414560 155.000356
0.416907 155.026143
0.419255 155.048933
0.421602 155.068812
0.423950 155.085853
0.426297 155.100119
0.428644 155.111662
0.430992 155.120524
0.433339 155.126739
0.435687 155.130330
0.438034 155.131313
0.440382 155.129692
0.442729 155.125465
0.445076 155.118621
0.447424 155.109137
0.449771 155.096984
0.452119 155.082122
0.454466 155.064501
0.456813 155.044063
0.459161 155.020735
0.461508 154.994437
0.463856 154.965074
0.466203 154.932539
0.468551 154.896712
0.470898 154.857457
0.473245 154.814624
0.475593 154.768044
0.477940 154.717533
0.480288 154.662885
0.482635 154.603874
0.484982 154.540253
0.487330 154.471751
0.489677 154.398071
0.492025 154.318893
0.494372 154.233865
0.496720 154.142609
0.499067 154.044718
0.501414 153.939752
0.503762 153.827240
0.506109 153.706684
0.508457 153.577550
0.510804 153.439279
0.513151 153.291284
0.515499 153.132954
0.517846 152.963660
0.520194 152.782760
0.522541 152.589607
0.524889 152.383558
0.527236 152.163991
0.529583 151.930318
0.531931 151.682010
0.534278 151.418631
0.536626 151.139886
0.538973 150.845703
0.541320 150.536385
0.543668 150.212908
0.546015 149.877604
0.548363 149.535920
0.550710 149.201739
0.553058 148.915341
0.555405 148.785954


0.000000 172.464135
0.001174 172.465078
0.002347 172.467907
0.003521 172.472620
0.004695 172.479214
0.005868 172.487686
0.007042 172.498031
0.008216 172.510243
0.009390 172.524316
0.010563 172.540241
0.011737 172.558010
0.012911 172.577613
0.014084 172.599039
0.015258 172.622276
0.016432 172.647313
0.017606 172.674134
0.018779 172.702725
0.019953 172.733072
0.021127 172.765157
0.022301 172.798963
0.023474 172.834473
0.024648 172.871667
0.025822 172.910526
0.026995 172.951030
0.028169 172.993157
0.029343 173.036886
0.030516 173.082194
0.031690 173.129058
0.032864 173.177454
0.034038 173.227358
0.035211 173.278745
0.036385 173.331589
0.037559 173.385864
0.038732 173.441545
0.039906 173.498604
0.041080 173.557013
0.042253 173.616745
0.043427 173.677772
0.044601 173.740065
0.045775 173.803596
0.046948 173.868335
0.048122 173.934253
0.049296 174.001321
0.050470 174.069509
0.051643 174.138787
0.052817 174.209124
0.053991 174.280491
0.055164 174.352857
0.056338 174.426191
0.057512 174.500464
0.058685 174.575644
0.059859 174.651702
0.061033 174.728606
0.062207 174.806326
0.063380 174.884831
0.064554 174.964092
0.065728 175.044077
0.066901 175.124757
0.068075 175.206101
0.069249 175.288079
0.070422 175.370662
0.071596 175.453820
0.072770 175.537522
0.073944 175.621741
0.075117 175.706446
0.076291 175.791610
0.077465 175.877202
0.078639 175.963195
0.079812 176.049561
0.080986 176.136271
0.082160 176.223298
0.083333 176.310615
0.084507 176.398193
0.085681 176.486007
0.086855 176.574030
0.088028 176.662236
0.089202 176.750599
0.090376 176.839092
0.091549 176.927691
0.092723 177.016371
0.093897 177.105108
0.095070 177.193875
0.096244 177.282651
0.097418 177.371411
0.098591 177.460132
0.099765 177.548790
0.100939 177.637364
0.102113 177.725830
0.103286 177.814168
0.104460 177.902354
0.105634 177.990369
0.106807 178.078190
0.107981 178.165798
0.109155 178.253172
0.110329 178.340293
0.111502 178.427140
0.112676 178.513694
0.113850 178.599937
0.115024 178.685850
0.116197 178.771414
0.117371 178.856613

0.117371 176.987424
0.119404 176.981968
0.121437 176.965700
0.123470 176.938902
0.125503 176.902009
0.127535 176.855562
0.129568 176.800156
0.131601 176.736402
0.133634 176.664891
0.135667 176.586173
0.137700 176.500743
0.139733 176.409040
0.141766 176.311443
0.143799 176.208278
0.145832 176.099823
0.147865 175.986312
0.149898 175.867942
0.151931 175.744879
0.153964 175.617260
0.155996 175.485200
0.158029 175.348797
0.160062 175.208130
0.162095 175.063267
0.164128 174.914263
0.166161 174.761164
0.168194 174.604010
0.170227 174.442833
0.172260 174.277659
0.174293 174.108512
0.176326 173.935409
0.178359 173.758367
0.180392 173.577397
0.182424 173.392511
0.184457 173.203716
0.186490 173.011018
0.188523 172.814423
0.190556 172.613932
0.192589 172.409546
0.194622 172.201264
0.196655 171.989083
0.198688 171.772998
0.200721 171.553001
0.202754 171.329083
0.204787 171.101230
0.206819 170.869427
0.208852 170.633655
0.210885 170.393890
0.212918 170.150105
0.214951 169.902269
0.216984 169.650344
0.219017 169.394288
0.221050 169.134053
0.223083 168.869585
0.225116 168.600822
0.227149 168.327695
0.229182 168.050126
0.231215 167.768032
0.233247 167.481318
0.235281 167.189880
0.237313 166.893606
0.239346 166.592372
0.241379 166.286044
0.243412 165.974480
0.245445 165.657524
0.247478 165.335009
0.249511 165.006761
0.251544 164.672590
0.253577 164.332301
0.255610 163.985685
0.257643 163.632524
0.259676 163.272593
0.261709 162.905657
0.263741 162.531476
0.265774 162.149803
0.267807 161.760385
0.269840 161.362967
0.271873 160.957294
0.273906 160.543107
0.275939 160.120152
0.277972 159.688176
0.280005 159.246933
0.282038 158.796182
0.284071 158.335695
0.286104 157.865250
0.288137 157.384641
0.290169 156.893679
0.292202 156.392190
0.294235 155.880024
0.296268 155.357054
0.298301 154.823186
0.300334 154.278364
0.302367 153.722585
0.304400 153.155918
0.306433 152.578550
0.308466 151.990861
0.310499 151.393599
0.312532 150.788300
0.314565 150.178486
0.316597 149.573974
0.318630 149.012852
0.320663 148.705774

0.320663 148.705774
0.323011 149.193429
0.325358 149.991023
0.327705 150.822303
0.330053 151.653378
0.332400 152.476357
0.334748 153.288519
0.337095 154.088706
0.339443 154.876359
0.341790 155.651194
0.344137 156.413066
0.346485 157.161908
0.348832 157.897700
0.351180 158.620452
0.353527 159.330194
0.355874 160.026972
0.358222 160.710843
0.360569 161.381871
0.362917 162.040129
0.365264 162.685694
0.367612 163.318652
0.369959 163.939088
0.372306 164.547095
0.374654 165.142770
0.377001 165.726209
0.379349 166.297517
0.381696 166.856797
0.384043 167.404158
0.386391 167.939711
0.388738 168.463568
0.391086 168.975844
0.393433 169.476657
0.395781 169.966128
0.398128 170.444376
0.400475 170.911527
0.402823 171.367704
0.405170 171.813036
0.407518 172.247649
0.409865 172.671674
0.412212 173.085243
0.414560 173.488486
0.416907 173.881538
0.419255 174.264532
0.421602 174.637604
0.423950 175.000890
0.426297 175.354525
0.428644 175.698647
0.430992 176.033394
0.433339 176.358902
0.435687 176.675310
0.438034 176.982755
0.440382 177.281375
0.442729 177.571307
0.445076 177.852689
0.447424 178.125657
0.449771 178.390348
0.452119 178.646897
0.454466 178.895438
0.456813 179.136106
0.459161 179.369033
0.461508 179.594351
0.463856 179.812189
0.466203 180.022678
0.468551 180.225945
0.470898 180.422114
0.473245 180.611311
0.475593 180.793657
0.477940 180.969273
0.480288 181.138276
0.482635 181.300784
0.484982 181.456909
0.487330 181.606762
0.489677 181.750453
0.492025 181.888087
0.494372 182.019768
0.496720 182.145597
0.499067 182.265670
0.501414 182.380083
0.503762 182.488928
0.506109 182.592292
0.508457 182.690260
0.510804 182.782914
0.513151 182.870333
0.515499 182.952590
0.517846 183.029758
0.520194 183.101902
0.522541 183.169088
0.524889 183.231373
0.527236 183.288815
0.529583 183.341464
0.531931 183.389368
0.534278 183.432569
0.536626 183.471107
0.538973 183.505015
0.541320 183.534319
0.543668 183.559044
0.546015 183.579208
0.548363 183.594827
0.550710 183.605930
0.553058 183.612560
0.555405 183.614763


0.000000 183.614763
0.001174 183.614245
0.002347 183.612688
0.003521 183.610094
0.004695 183.606463
0.005868 183.601795
0.007042 183.596090
0.008216 183.589349
0.009390 183.581572
0.010563 183.572761
0.011737 183.562915
0.012911 183.552036
0.014084 183.540125
0.015258 183.527181
0.016432 183.513208
0.017606 183.498205
0.018779 183.482174
0.019953 183.465116
0.021127 183.447033
0.022301 183.427927
0.023474 183.407798
0.024648 183.386649
0.025822 183.364481
0.026995 183.341296
0.028169 183.317097
0.029343 183.291885
0.030516 183.265663
0.031690 183.238433
0.032864 183.210197
0.034038 183.180958
0.035211 183.150719
0.036385 183.119482
0.037559 183.087249
0.038732 183.054025
0.039906 183.019812
0.041080 182.984613
0.042253 182.948432
0.043427 182.911272
0.044601 182.873136
0.045775 182.834029
0.046948 182.793953
0.048122 182.752913
0.049296 182.710914
0.050470 182.667958
0.051643 182.624051
0.052817 182.579197
0.053991 182.533400
0.055164 182.486665
0.056338 182.438998
0.057512 182.390403
0.058685 182.340885
0.059859 182.290449
0.061033 182.239102
0.062207 182.186848
0.063380 182.133694
0.064554 182.079646
0.065728 182.024709
0.066901 181.968890
0.068075 181.912195
0.069249 181.854631
0.070422 181.796206
0.071596 181.736925
0.072770 181.676796
0.073944 181.615827
0.075117 181.554025
0.076291 181.491398
0.077465 181.427954
0.078639 181.363701
0.079812 181.298647
0.080986 181.232801
0.082160 181.166172
0.083333 181.098769
0.084507 181.030601
0.085681 180.961677
0.086855 180.892008
0.088028 180.821603
0.089202 180.750472
0.090376 180.678627
0.091549 180.606076
0.092723 180.532832
0.093897 180.458906
0.095070 180.384308
0.096244 180.309051
0.097418 180.233147
0.098591 180.156607
0.099765 180.079445
0.100939 180.001672
0.102113 179.923303
0.103286 179.844349
0.104460 179.764826
0.105634 179.684746
0.106807 179.604124
0.107981 179.522974
0.109155 179.441311
0.110329 179.359151
0.111502 179.276507
0.112676 179.193397
0.113850 179.109836
0.115024 179.025841
0.116197 178.941427
0.117371 178.856613

0.117371 178.856613
0.119404 178.859213
0.121437 178.866912
0.123470 178.879419
0.125503 178.896285
0.127535 178.916950
0.129568 178.940792
0.131601 178.967171
0.133634 178.995461
0.135667 179.025070
0.137700 179.055458
0.139733 179.086137
0.141766 179.116670
0.143799 179.146673
0.145832 179.175805
0.147865 179.203765
0.149898 179.230284
0.151931 179.255122
0.153964 179.278065
0.155996 179.298917
0.158029 179.317500
0.160062 179.333647
0.162095 179.347206
0.164128 179.358033
0.166161 179.365993
0.168194 179.370957
0.170227 179.372802
0.172260 179.371411
0.174293 179.366672
0.176326 179.358476
0.178359 179.346720
0.180392 179.331303
0.182424 179.312129
0.184457 179.289107
0.186490 179.262149
0.188523 179.231172
0.190556 179.196097
0.192589 179.156852
0.194622 179.113367
0.196655 179.065582
0.198688 179.013440
0.200721 178.956892
0.202754 178.895896
0.204787 178.830418
0.206819 178.760432
0.208852 178.685921
0.210885 178.606877
0.212918 178.523302
0.214951 178.435209
0.216984 178.342623
0.219017 178.245578
0.221050 178.144124
0.223083 178.038321
0.225116 177.928244
0.227149 177.813983
0.229182 177.695641
0.231215 177.573337
0.233247 177.447206
0.235281 177.317399
0.237313 177.184085
0.239346 177.047448
0.241379 176.907690
0.243412 176.765031
0.245445 176.619708
0.247478 176.471976
0.249511 176.322105
0.251544 176.170386
0.253577 176.017125
0.255610 175.862641
0.257643 175.707273
0.259676 175.551372
0.261709 175.395303
0.263741 175.239441
0.265774 175.084175
0.267807 174.929900
0.269840 174.777021
0.271873 174.625947
0.273906 174.477091
0.275939 174.330868
0.277972 174.187691
0.280005 174.047973
0.282038 173.912120
0.284071 173.780532
0.286104 173.653601
0.288137 173.531707
0.290169 173.415217
0.292202 173.304484
0.294235 173.199845
0.296268 173.101620
0.298301 173.010108
0.300334 172.925589
0.302367 172.848322
0.304400 172.778542
0.306433 172.716464
0.308466 172.662275
0.310499 172.616141
0.312532 172.578203
0.314565 172.548576
0.316597 172.527349
0.318630 172.514587
0.320663 172.510329

0.320663 172.510329
0.323011 172.514085
0.325358 172.525344
0.327705 172.544082
0.330053 172.570257
0.332400 172.603809
0.334748 172.644666
0.337095 172.692738
0.339443 172.747918
0.341790 172.810089
0.344137 172.879116
0.346485 172.954853
0.348832 173.037140
0.351180 173.125807
0.353527 173.220672
0.355874 173.321544
0.358222 173.428221
0.360569 173.540496
0.362917 173.658152
0.365264 173.780967
0.367612 173.908712
0.369959 174.041156
0.372306 174.178062
0.374654 174.319191
0.377001 174.464301
0.379349 174.613151
0.381696 174.765496
0.384043 174.921094
0.386391 175.079701
0.388738 175.241077
0.391086 175.404981
0.393433 175.571177
0.395781 175.739431
0.398128 175.909510
0.400475 176.081187
0.402823 176.254238
0.405170 176.428445
0.407518 176.603591
0.409865 176.779466
0.412212 176.955865
0.414560 177.132588
0.416907 177.309439
0.419255 177.486228
0.421602 177.662770
0.423950 177.838887
0.426297 178.014404
0.428644 178.189153
0.430992 178.362972
0.433339 178.535703
0.435687 178.707193
0.438034 178.877297
0.440382 179.045872
0.442729 179.212782
0.445076 179.377897
0.447424 179.541089
0.449771 179.702238
0.452119 179.861227
0.454466 180.017945
0.456813 180.172284
0.459161 180.324142
0.461508 180.473420
0.463856 180.620025
0.466203 180.763866
0.468551 180.904857
0.470898 181.042917
0.473245 181.177967
0.475593 181.309933
0.477940 181.438743
0.480288 181.564329
0.482635 181.686628
0.484982 181.805578
0.487330 181.921121
0.489677 182.033201
0.492025 182.141767
0.494372 182.246769
0.496720 182.348160
0.499067 182.445896
0.501414 182.539934
0.503762 182.630237
0.506109 182.716765
0.508457 182.799485
0.510804 182.878364
0.513151 182.953372
0.515499 183.024478
0.517846 183.091658
0.520194 183.154886
0.522541 183.214140
0.524889 183.269398
0.527236 183.320641
0.529583 183.367852
0.531931 183.411015
0.534278 183.450116
0.536626 183.485145
0.538973 183.516091
0.541320 183.542949
0.543668 183.565714
0.546015 183.584385
0.548363 183.598955
0.550710 183.609410
0.553058 183.615711
0.555405 183.617818


0.000000 183.617818
0.001174 183.617257
0.002347 183.615576
0.003521 183.612774
0.004695 183.608849
0.005868 183.603801
0.007042 183.597630
0.008216 183.590332
0.009390 183.581908
0.010563 183.572354
0.011737 183.561668
0.012911 183.549848
0.014084 183.536892
0.015258 183.522795
0.016432 183.507555
0.017606 183.491168
0.018779 183.473630
0.019953 183.454938
0.021127 183.435086
0.022301 183.414070
0.023474 183.391885
0.024648 183.368527
0.025822 183.343989
0.026995 183.318267
0.028169 183.291353
0.029343 183.263243
0.030516 183.233929
0.031690 183.203405
0.032864 183.171664
0.034038 183.138699
0.035211 183.104503
0.036385 183.069068
0.037559 183.032386
0.038732 182.994449
0.039906 182.955248
0.041080 182.914776
0.042253 182.873023
0.043427 182.829981
0.044601 182.785640
0.045775 182.739990
0.046948 182.693023
0.048122 182.644727
0.049296 182.595094
0.050470 182.544112
0.051643 182.491772
0.052817 182.438062
0.053991 182.382971
0.055164 182.326489
0.056338 182.268603
0.057512 182.209303
0.058685 182.148577
0.059859 182.086413
0.061033 182.022798
0.062207 181.957721
0.063380 181.891168
0.064554 181.823128
0.065728 181.753587
0.066901 181.682532
0.068075 181.609951
0.069249 181.535829
0.070422 181.460153
0.071596 181.382911
0.072770 181.304087
0.073944 181.223667
0.075117 181.141639
0.076291 181.057986
0.077465 180.972696
0.078639 180.885753
0.079812 180.797143
0.080986 180.706850
0.082160 180.614861
0.083333 180.521159
0.084507 180.425730
0.085681 180.328557
0.086855 180.229627
0.088028 180.128923
0.089202 180.026429
0.090376 179.922130
0.091549 179.816010
0.092723 179.708053
0.093897 179.598242
0.095070 179.486562
0.096244 179.372997
0.097418 179.257529
0.098591 179.140143
0.099765 179.020823
0.100939 178.899550
0.102113 178.776310
0.103286 178.651085
0.104460 178.523858
0.105634 178.394613
0.106807 178.263333
0.107981 178.130001
0.109155 177.994600
0.110329 177.857113
0.111502 177.717522
0.112676 177.575811
0.113850 177.431963
0.115024 177.285961
0.116197 177.137787
0.117371 176.987424

0.117371 178.856613
0.119404 178.859213
0.121437 178.866912
0.123470 178.879419
0.125503 178.896285
0.127535 178.916950
0.129568 178.940792
0.131601 178.967171
0.133634 178.995461
0.135667 179.025070
0.137700 179.055458
0.139733 179.086137
0.141766 179.116670
0.143799 179.146673
0.145832 179.175805
0.147865 179.203765
0.149898 179.230284
0.151931 179.255122
0.153964 179.278065
0.155996 179.298917
0.158029 179.317500
0.160062 179.333647
0.162095 179.347206
0.164128 179.358033
0.166161 179.365993
0.168194 179.370957
0.170227 179.372802
0.172260 179.371411
0.174293 179.366672
0.176326 179.358476
0.178359 179.346720
0.180392 179.331303
0.182424 179.312129
0.184457 179.289107
0.186490 179.262149
0.188523 179.231172
0.190556 179.196097
0.192589 179.156852
0.194622 179.113367
0.196655 179.065582
0.198688 179.013440
0.200721 178.956892
0.202754 178.895896
0.204787 178.830418
0.206819 178.760432
0.208852 178.685921
0.210885 178.606877
0.212918 178.523302
0.214951 178.435209
0.216984 178.342623
0.219017 178.245578
0.221050 178.144124
0.223083 178.038321
0.225116 177.928244
0.227149 177.813983
0.229182 177.695641
0.231215 177.573337
0.233247 177.447206
0.235281 177.317399
0.237313 177.184085
0.239346 177.047448
0.241379 176.907690
0.243412 176.765031
0.245445 176.619708
0.247478 176.471976
0.249511 176.322105
0.251544 176.170386
0.253577 176.017125
0.255610 175.862641
0.257643 175.707273
0.259676 175.551372
0.261709 175.395303
0.263741 175.239441
0.265774 175.084175
0.267807 174.929900
0.269840 174.777021
0.271873 174.625947
0.273906 174.477091
0.275939 174.330868
0.277972 174.187691
0.280005 174.047973
0.282038 173.912120
0.284071 173.780532
0.286104 173.653601
0.288137 173.531707
0.290169 173.415217
0.292202 173.304484
0.294235 173.199845
0.296268 173.101620
0.298301 173.010108
0.300334 172.925589
0.302367 172.848322
0.304400 172.778542
0.306433 172.716464
0.308466 172.662275
0.310499 172.616141
0.312532 172.578203
0.314565 172.548576
0.316597 172.527349
0.318630 172.514587
0.320663 172.510329

0.320663 172.510329
0.323011 172.519874
0.325358 172.548431
0.327705 172.595771
0.330053 172.661519
0.332400 172.745154
0.334748 172.846030
0.337095 172.963376
0.339443 173.096317
0.341790 173.243885
0.344137 173.405038
0.346485 173.578671
0.348832 173.763632
0.351180 173.958741
0.353527 174.162801
0.355874 174.374610
0.358222 174.592974
0.360569 174.816717
0.362917 175.044688
0.365264 175.275770
0.367612 175.508884
0.369959 175.742993
0.372306 175.977105
0.374654 176.210279
0.377001 176.441619
0.379349 176.670280
0.381696 176.895465
0.384043 177.116426
0.386391 177.332461
0.388738 177.542915
0.391086 177.747176
0.393433 177.944675
0.395781 178.134883
0.398128 178.317310
0.400475 178.491503
0.402823 178.657045
0.405170 178.813552
0.407518 178.960672
0.409865 179.098083
0.412212 179.225495
0.414560 179.342642
0.416907 179.449287
0.419255 179.545219
0.421602 179.630251
0.423950 179.704220
0.426297 179.766985
0.428644 179.818430
0.430992 179.858458
0.433339 179.886997
0.435687 179.903992
0.438034 179.909413
0.440382 179.903249
0.442729 179.885508
0.445076 179.856222
0.447424 179.815443
0.449771 179.763242
0.452119 179.699714
0.454466 179.624975
0.456813 179.539164
0.459161 179.442442
0.461508 179.334996
0.463856 179.217036
0.466203 179.088796
0.468551 178.950542
0.470898 178.802562
0.473245 178.645178
0.475593 178.478739
0.477940 178.303628
0.480288 178.120262
0.482635 177.929092
0.484982 177.730608
0.487330 177.525337
0.489677 177.313848
0.492025 177.096753
0.494372 176.874705
0.496720 176.648408
0.499067 176.418609
0.501414 176.186106
0.503762 175.951746
0.506109 175.716425
0.508457 175.481089
0.510804 175.246731
0.513151 175.014392
0.515499 174.785156
0.517846 174.560146
0.520194 174.340518
0.522541 174.127457
0.524889 173.922164
0.527236 173.725851
0.529583 173.539724
0.531931 173.364975
0.534278 173.202766
0.536626 173.054212
0.538973 172.920368
0.541320 172.802214
0.543668 172.700634
0.546015 172.616408
0.548363 172.550192
0.550710 172.502512
0.553058 172.473749
0.555405 172.464135


